mono pinhole calibration...
D = [-0.2766049460625107, 0.06972195251711784, 0.00018442181342890202, -0.0009009324579596044, 0.0]
K = [1037.286354444401, 0.0, 946.0673972084953, 0.0, 1043.4288463759349, 490.2340677407784, 0.0, 0.0, 1.0]
R = [1.0, 0.0, 0.0, 0.0, 1.0, 0.0, 0.0, 0.0, 1.0]
P = [764.5274047851562, 0.0, 935.2470882183407, 0.0, 0.0, 955.5250854492188, 480.58773266456774, 0.0, 0.0, 0.0, 1.0, 0.0]
None
# oST version 5.0 parameters


[image]

width
1920

height
1080

[narrow_stereo]

camera matrix
1037.286354 0.000000 946.067397
0.000000 1043.428846 490.234068
0.000000 0.000000 1.000000

distortion
-0.276605 0.069722 0.000184 -0.000901 0.000000

rectification
1.000000 0.000000 0.000000
0.000000 1.000000 0.000000
0.000000 0.000000 1.000000

projection
764.527405 0.000000 935.247088 0.000000
0.000000 955.525085 480.587733 0.000000
0.000000 0.000000 1.000000 0.000000
